0000000000000000000000000000000000000000
0000000000000000000000000000000000000000
0000000000000000000000000000000000000000
0000000000000000000000000000000000000000
0000000000000000000000000000000000000000
0000000000000000000000000000000000000000
0000000000000000000000000000000000000000
0000000000000000000000000000000000000000
0000000000000000000000000000000000000000
0000000000000000000000000000000000000000
0000000000000000000000000000000000000000
0000000000011111111111111000000000000000
0000000000010000000010001000000000000000
0000000000010000000010301000000000000000
0000000000010000000010001000000000000000
0000000000010001100010001000000000000000
0000000000010001000010001000000000000000
0000000000010001055010001000000000000000
0000000000010001055010001000000000000000
0000000000010001000010001000000000000000
0000000000010001111110001000000000000000
0000000000010000000000001000000000000000
0000000000010000000000001000000000000000
0000000000010000000000001000000000000000
0000000000011111111111111000000000000000
0000000000000000000000000000000000000000
0000000000000000000000000000000000000000
0000000000000000000000000000000000000000
0000000000000000000000000000000000000000
0000000000000000000000000000000000000000
0000000000000000000000000000000000000000
0000000000000000000000000000000000000000
0000000000000000000000000000000000000000
0000000000000000000000000000000000000000
0000000000000000000000000000000000000000
0000000000000000000000000000000000000000
0000000000000000000000000000000000000000
0000000000000000000000000000000000000000
0000000000000000000000000000000000000000
0000000000000000000000000000000000000000
